0	0.000691588
1	1.38095e-05
2	4.44524e-07
3	2.17591e-08
4	9.73057e-10
5	4.16472e-11
6	2.73484e-12
7	2.39026e-12
8	2.78271e-12
9	2.45658e-12
10	2.72251e-12
11	2.58077e-12
12	2.54999e-12
13	2.57303e-12
14	2.75805e-12
15	2.71261e-12
16	3.19613e-12
17	2.66419e-12
18	2.68507e-12
19	2.68381e-12
20	2.52948e-12
21	2.68399e-12
22	2.72728e-12
23	2.68399e-12
24	2.68381e-12
25	2.99995e-12
26	2.72728e-12
27	2.72728e-12
28	2.72728e-12
29	2.72728e-12
30	2.54279e-12
31	2.68507e-12
32	2.99149e-12
33	2.61101e-12
34	2.62658e-12
35	3.01741e-12
36	2.53092e-12
37	2.74383e-12
38	2.71279e-12
39	2.68381e-12
40	2.68399e-12
41	2.72728e-12
42	2.72746e-12
43	2.59013e-12
44	2.40988e-12
45	2.68399e-12
46	3.01723e-12
47	2.66644e-12
48	2.73466e-12
49	2.60723e-12
50	2.71261e-12
51	2.5014e-12
52	2.66437e-12
53	2.68381e-12
54	2.66437e-12
55	2.82177e-12
56	2.82177e-12
57	2.68066e-12
58	2.73466e-12
59	2.68381e-12
60	3.10326e-12
61	2.98447e-12
62	2.59301e-12
63	2.68399e-12
64	2.82519e-12
65	2.56511e-12
66	2.82177e-12
67	2.45676e-12
68	2.72728e-12
69	2.59229e-12
70	2.72746e-12
71	2.35039e-12
72	2.68993e-12
73	3.01741e-12
74	3.01723e-12
75	2.72728e-12
76	2.68381e-12
77	2.68381e-12
78	2.68381e-12
79	2.72746e-12
80	2.39521e-12
81	2.72728e-12
82	2.61101e-12
83	3.10326e-12
84	2.63764e-12
85	2.57213e-12
86	2.68507e-12
87	2.36101e-12
88	2.82177e-12
89	2.68381e-12
90	2.71261e-12
91	2.68507e-12
92	2.66428e-12
93	2.72728e-12
94	2.68381e-12
95	2.68399e-12
96	2.68399e-12
97	2.72728e-12
98	2.68516e-12
99	2.7244e-12
